name,trial,nthreads,threadops,maxkey,ratio,seed,time,ninstrue,ninsfalse,ndeltrue,ndelfalse,nfindtrue,nfindfalse,nrqtrue,nrqfalse,nsnaptrue,nsnapfalse,rqsize,snapsize,throughput,avgnodedepth,noise,balanceprob,nnodes,initnnodes,factoryname,helpedothers,method,experiment,dummy,dummy,merged-experiment,row,machine,thread0ops,thread1ops,thread2ops,thread3ops,thread4ops,thread5ops,thread6ops,thread7ops,thread8ops,thread9ops,thread10ops,thread11ops,thread12ops,thread13ops,thread14ops,thread15ops,thread16ops,thread17ops,thread18ops,thread19ops,thread20ops,thread21ops,thread22ops,thread23ops,thread24ops,thread25ops,thread26ops,thread27ops,thread28ops,thread29ops,thread30ops,thread31ops,thread32ops,thread33ops,thread34ops,thread35ops,thread36ops,thread37ops,thread38ops,thread39ops,thread40ops,thread41ops,thread42ops,thread43ops,thread44ops,thread45ops,thread46ops,thread47ops,thread48ops,thread49ops,thread50ops,thread51ops,thread52ops,thread53ops,thread54ops,thread55ops,thread56ops,thread57ops,thread58ops,thread59ops,thread60ops,thread61ops,thread62ops,thread63ops,thread64ops,thread65ops,thread66ops,thread67ops,thread68ops,thread69ops,thread70ops,thread71ops,thread72ops,thread73ops,thread74ops,thread75ops,thread76ops,thread77ops,thread78ops,thread79ops,thread80ops,thread81ops,thread82ops,thread83ops,thread84ops,thread85ops,thread86ops,thread87ops,thread88ops,thread89ops,thread90ops,thread91ops,thread92ops,thread93ops,thread94ops,thread95ops,thread96ops,thread97ops,thread98ops,thread99ops,thread100ops,thread101ops,thread102ops,thread103ops,thread104ops,thread105ops,thread106ops,thread107ops,thread108ops,thread109ops,thread110ops,thread111ops,thread112ops,thread113ops,thread114ops,thread115ops,thread116ops,thread117ops,thread118ops,thread119ops,thread120ops,thread121ops,thread122ops,thread123ops,thread124ops,thread125ops,thread126ops,thread127ops,thread0userstart,thread0userend,thread1userstart,thread1userend,thread2userstart,thread2userend,thread3userstart,thread3userend,thread4userstart,thread4userend,thread5userstart,thread5userend,thread6userstart,thread6userend,thread7userstart,thread7userend,thread8userstart,thread8userend,thread9userstart,thread9userend,thread10userstart,thread10userend,thread11userstart,thread11userend,thread12userstart,thread12userend,thread13userstart,thread13userend,thread14userstart,thread14userend,thread15userstart,thread15userend,thread16userstart,thread16userend,thread17userstart,thread17userend,thread18userstart,thread18userend,thread19userstart,thread19userend,thread20userstart,thread20userend,thread21userstart,thread21userend,thread22userstart,thread22userend,thread23userstart,thread23userend,thread24userstart,thread24userend,thread25userstart,thread25userend,thread26userstart,thread26userend,thread27userstart,thread27userend,thread28userstart,thread28userend,thread29userstart,thread29userend,thread30userstart,thread30userend,thread31userstart,thread31userend,thread32userstart,thread32userend,thread33userstart,thread33userend,thread34userstart,thread34userend,thread35userstart,thread35userend,thread36userstart,thread36userend,thread37userstart,thread37userend,thread38userstart,thread38userend,thread39userstart,thread39userend,thread40userstart,thread40userend,thread41userstart,thread41userend,thread42userstart,thread42userend,thread43userstart,thread43userend,thread44userstart,thread44userend,thread45userstart,thread45userend,thread46userstart,thread46userend,thread47userstart,thread47userend,thread48userstart,thread48userend,thread49userstart,thread49userend,thread50userstart,thread50userend,thread51userstart,thread51userend,thread52userstart,thread52userend,thread53userstart,thread53userend,thread54userstart,thread54userend,thread55userstart,thread55userend,thread56userstart,thread56userend,thread57userstart,thread57userend,thread58userstart,thread58userend,thread59userstart,thread59userend,thread60userstart,thread60userend,thread61userstart,thread61userend,thread62userstart,thread62userend,thread63userstart,thread63userend,thread64userstart,thread64userend,thread65userstart,thread65userend,thread66userstart,thread66userend,thread67userstart,thread67userend,thread68userstart,thread68userend,thread69userstart,thread69userend,thread70userstart,thread70userend,thread71userstart,thread71userend,thread72userstart,thread72userend,thread73userstart,thread73userend,thread74userstart,thread74userend,thread75userstart,thread75userend,thread76userstart,thread76userend,thread77userstart,thread77userend,thread78userstart,thread78userend,thread79userstart,thread79userend,thread80userstart,thread80userend,thread81userstart,thread81userend,thread82userstart,thread82userend,thread83userstart,thread83userend,thread84userstart,thread84userend,thread85userstart,thread85userend,thread86userstart,thread86userend,thread87userstart,thread87userend,thread88userstart,thread88userend,thread89userstart,thread89userend,thread90userstart,thread90userend,thread91userstart,thread91userend,thread92userstart,thread92userend,thread93userstart,thread93userend,thread94userstart,thread94userend,thread95userstart,thread95userend,thread96userstart,thread96userend,thread97userstart,thread97userend,thread98userstart,thread98userend,thread99userstart,thread99userend,thread100userstart,thread100userend,thread101userstart,thread101userend,thread102userstart,thread102userend,thread103userstart,thread103userend,thread104userstart,thread104userend,thread105userstart,thread105userend,thread106userstart,thread106userend,thread107userstart,thread107userend,thread108userstart,thread108userend,thread109userstart,thread109userend,thread110userstart,thread110userend,thread111userstart,thread111userend,thread112userstart,thread112userend,thread113userstart,thread113userend,thread114userstart,thread114userend,thread115userstart,thread115userend,thread116userstart,thread116userend,thread117userstart,thread117userend,thread118userstart,thread118userend,thread119userstart,thread119userend,thread120userstart,thread120userend,thread121userstart,thread121userend,thread122userstart,thread122userend,thread123userstart,thread123userend,thread124userstart,thread124userend,thread125userstart,thread125userend,thread126userstart,thread126userend,thread127userstart,thread127userend,thread0wallstart,thread0wallend,thread1wallstart,thread1wallend,thread2wallstart,thread2wallend,thread3wallstart,thread3wallend,thread4wallstart,thread4wallend,thread5wallstart,thread5wallend,thread6wallstart,thread6wallend,thread7wallstart,thread7wallend,thread8wallstart,thread8wallend,thread9wallstart,thread9wallend,thread10wallstart,thread10wallend,thread11wallstart,thread11wallend,thread12wallstart,thread12wallend,thread13wallstart,thread13wallend,thread14wallstart,thread14wallend,thread15wallstart,thread15wallend,thread16wallstart,thread16wallend,thread17wallstart,thread17wallend,thread18wallstart,thread18wallend,thread19wallstart,thread19wallend,thread20wallstart,thread20wallend,thread21wallstart,thread21wallend,thread22wallstart,thread22wallend,thread23wallstart,thread23wallend,thread24wallstart,thread24wallend,thread25wallstart,thread25wallend,thread26wallstart,thread26wallend,thread27wallstart,thread27wallend,thread28wallstart,thread28wallend,thread29wallstart,thread29wallend,thread30wallstart,thread30wallend,thread31wallstart,thread31wallend,thread32wallstart,thread32wallend,thread33wallstart,thread33wallend,thread34wallstart,thread34wallend,thread35wallstart,thread35wallend,thread36wallstart,thread36wallend,thread37wallstart,thread37wallend,thread38wallstart,thread38wallend,thread39wallstart,thread39wallend,thread40wallstart,thread40wallend,thread41wallstart,thread41wallend,thread42wallstart,thread42wallend,thread43wallstart,thread43wallend,thread44wallstart,thread44wallend,thread45wallstart,thread45wallend,thread46wallstart,thread46wallend,thread47wallstart,thread47wallend,thread48wallstart,thread48wallend,thread49wallstart,thread49wallend,thread50wallstart,thread50wallend,thread51wallstart,thread51wallend,thread52wallstart,thread52wallend,thread53wallstart,thread53wallend,thread54wallstart,thread54wallend,thread55wallstart,thread55wallend,thread56wallstart,thread56wallend,thread57wallstart,thread57wallend,thread58wallstart,thread58wallend,thread59wallstart,thread59wallend,thread60wallstart,thread60wallend,thread61wallstart,thread61wallend,thread62wallstart,thread62wallend,thread63wallstart,thread63wallend,thread64wallstart,thread64wallend,thread65wallstart,thread65wallend,thread66wallstart,thread66wallend,thread67wallstart,thread67wallend,thread68wallstart,thread68wallend,thread69wallstart,thread69wallend,thread70wallstart,thread70wallend,thread71wallstart,thread71wallend,thread72wallstart,thread72wallend,thread73wallstart,thread73wallend,thread74wallstart,thread74wallend,thread75wallstart,thread75wallend,thread76wallstart,thread76wallend,thread77wallstart,thread77wallend,thread78wallstart,thread78wallend,thread79wallstart,thread79wallend,thread80wallstart,thread80wallend,thread81wallstart,thread81wallend,thread82wallstart,thread82wallend,thread83wallstart,thread83wallend,thread84wallstart,thread84wallend,thread85wallstart,thread85wallend,thread86wallstart,thread86wallend,thread87wallstart,thread87wallend,thread88wallstart,thread88wallend,thread89wallstart,thread89wallend,thread90wallstart,thread90wallend,thread91wallstart,thread91wallend,thread92wallstart,thread92wallend,thread93wallstart,thread93wallend,thread94wallstart,thread94wallend,thread95wallstart,thread95wallend,thread96wallstart,thread96wallend,thread97wallstart,thread97wallend,thread98wallstart,thread98wallend,thread99wallstart,thread99wallend,thread100wallstart,thread100wallend,thread101wallstart,thread101wallend,thread102wallstart,thread102wallend,thread103wallstart,thread103wallend,thread104wallstart,thread104wallend,thread105wallstart,thread105wallend,thread106wallstart,thread106wallend,thread107wallstart,thread107wallend,thread108wallstart,thread108wallend,thread109wallstart,thread109wallend,thread110wallstart,thread110wallend,thread111wallstart,thread111wallend,thread112wallstart,thread112wallend,thread113wallstart,thread113wallend,thread114wallstart,thread114wallend,thread115wallstart,thread115wallend,thread116wallstart,thread116wallend,thread117wallstart,thread117wallend,thread118wallstart,thread118wallend,thread119wallstart,thread119wallend,thread120wallstart,thread120wallend,thread121wallstart,thread121wallend,thread122wallstart,thread122wallend,thread123wallstart,thread123wallend,thread124wallstart,thread124wallend,thread125wallstart,thread125wallend,thread126wallstart,thread126wallend,thread127wallstart,thread127wallend,thread0cpustart,thread0cpuend,thread1cpustart,thread1cpuend,thread2cpustart,thread2cpuend,thread3cpustart,thread3cpuend,thread4cpustart,thread4cpuend,thread5cpustart,thread5cpuend,thread6cpustart,thread6cpuend,thread7cpustart,thread7cpuend,thread8cpustart,thread8cpuend,thread9cpustart,thread9cpuend,thread10cpustart,thread10cpuend,thread11cpustart,thread11cpuend,thread12cpustart,thread12cpuend,thread13cpustart,thread13cpuend,thread14cpustart,thread14cpuend,thread15cpustart,thread15cpuend,thread16cpustart,thread16cpuend,thread17cpustart,thread17cpuend,thread18cpustart,thread18cpuend,thread19cpustart,thread19cpuend,thread20cpustart,thread20cpuend,thread21cpustart,thread21cpuend,thread22cpustart,thread22cpuend,thread23cpustart,thread23cpuend,thread24cpustart,thread24cpuend,thread25cpustart,thread25cpuend,thread26cpustart,thread26cpuend,thread27cpustart,thread27cpuend,thread28cpustart,thread28cpuend,thread29cpustart,thread29cpuend,thread30cpustart,thread30cpuend,thread31cpustart,thread31cpuend,thread32cpustart,thread32cpuend,thread33cpustart,thread33cpuend,thread34cpustart,thread34cpuend,thread35cpustart,thread35cpuend,thread36cpustart,thread36cpuend,thread37cpustart,thread37cpuend,thread38cpustart,thread38cpuend,thread39cpustart,thread39cpuend,thread40cpustart,thread40cpuend,thread41cpustart,thread41cpuend,thread42cpustart,thread42cpuend,thread43cpustart,thread43cpuend,thread44cpustart,thread44cpuend,thread45cpustart,thread45cpuend,thread46cpustart,thread46cpuend,thread47cpustart,thread47cpuend,thread48cpustart,thread48cpuend,thread49cpustart,thread49cpuend,thread50cpustart,thread50cpuend,thread51cpustart,thread51cpuend,thread52cpustart,thread52cpuend,thread53cpustart,thread53cpuend,thread54cpustart,thread54cpuend,thread55cpustart,thread55cpuend,thread56cpustart,thread56cpuend,thread57cpustart,thread57cpuend,thread58cpustart,thread58cpuend,thread59cpustart,thread59cpuend,thread60cpustart,thread60cpuend,thread61cpustart,thread61cpuend,thread62cpustart,thread62cpuend,thread63cpustart,thread63cpuend,thread64cpustart,thread64cpuend,thread65cpustart,thread65cpuend,thread66cpustart,thread66cpuend,thread67cpustart,thread67cpuend,thread68cpustart,thread68cpuend,thread69cpustart,thread69cpuend,thread70cpustart,thread70cpuend,thread71cpustart,thread71cpuend,thread72cpustart,thread72cpuend,thread73cpustart,thread73cpuend,thread74cpustart,thread74cpuend,thread75cpustart,thread75cpuend,thread76cpustart,thread76cpuend,thread77cpustart,thread77cpuend,thread78cpustart,thread78cpuend,thread79cpustart,thread79cpuend,thread80cpustart,thread80cpuend,thread81cpustart,thread81cpuend,thread82cpustart,thread82cpuend,thread83cpustart,thread83cpuend,thread84cpustart,thread84cpuend,thread85cpustart,thread85cpuend,thread86cpustart,thread86cpuend,thread87cpustart,thread87cpuend,thread88cpustart,thread88cpuend,thread89cpustart,thread89cpuend,thread90cpustart,thread90cpuend,thread91cpustart,thread91cpuend,thread92cpustart,thread92cpuend,thread93cpustart,thread93cpuend,thread94cpustart,thread94cpuend,thread95cpustart,thread95cpuend,thread96cpustart,thread96cpuend,thread97cpustart,thread97cpuend,thread98cpustart,thread98cpuend,thread99cpustart,thread99cpuend,thread100cpustart,thread100cpuend,thread101cpustart,thread101cpuend,thread102cpustart,thread102cpuend,thread103cpustart,thread103cpuend,thread104cpustart,thread104cpuend,thread105cpustart,thread105cpuend,thread106cpustart,thread106cpuend,thread107cpustart,thread107cpuend,thread108cpustart,thread108cpuend,thread109cpustart,thread109cpuend,thread110cpustart,thread110cpuend,thread111cpustart,thread111cpuend,thread112cpustart,thread112cpuend,thread113cpustart,thread113cpuend,thread114cpustart,thread114cpuend,thread115cpustart,thread115cpuend,thread116cpustart,thread116cpuend,thread117cpustart,thread117cpuend,thread118cpustart,thread118cpuend,thread119cpustart,thread119cpuend,thread120cpustart,thread120cpuend,thread121cpustart,thread121cpuend,thread122cpustart,thread122cpuend,thread123cpustart,thread123cpuend,thread124cpustart,thread124cpuend,thread125cpustart,thread125cpuend,thread126cpustart,thread126cpuend,thread127cpustart,thread127cpuend,totalelapsedusertime,totalelapsedwalltime,totalelapsedcputime,gctime,nseconds,effectivetimeperthread,restarted
BST,0,6,15310129,200000,50i-50d,1403467512,5.02519928,7654499,0,3777159,3878471,0,0,0,0,0,0,-1,-1,3046671,0.0,-1,-1,0,0,overlapRandom,unknown,putIfAbsent,50i-50d--1,,,0.5i-0.5d-200000,unnamed-BST-0.5i-0.5d-200000-6,unnamed,2569828,2587192,2507747,2567596,2538437,2539329,,,,,,,,,,,,,,,,,,,,,,,,,,,,,,,,,,,,,,,,,,,,,,,,,,,,,,,,,,,,,,,,,,,,,,,,,,,,,,,,,,,,,,,,,,,,,,,,,,,,,,,,,,,,,,,,,,,,,,,,,,,0.0,2.984375,0.0,3.046875,0.0,2.984375,0.0,3.046875,0.0,2.953125,0.0,2.921875,,,,,,,,,,,,,,,,,,,,,,,,,,,,,,,,,,,,,,,,,,,,,,,,,,,,,,,,,,,,,,,,,,,,,,,,,,,,,,,,,,,,,,,,,,,,,,,,,,,,,,,,,,,,,,,,,,,,,,,,,,,,,,,,,,,,,,,,,,,,,,,,,,,,,,,,,,,,,,,,,,,,,,,,,,,,,,,,,,,,,,,,,,,,,,,,,,,,,,,,,,,,,,,,,,,,,,,,,,,,,,,,,,,,,,,,,,,,,,,,,,,,,0.0,5.024406641,2.35132E-4,5.024550333,9.33E-7,5.024406641,5.0852E-5,5.024664167,3.8255E-5,5.024508811,7.464E-6,5.024413172,,,,,,,,,,,,,,,,,,,,,,,,,,,,,,,,,,,,,,,,,,,,,,,,,,,,,,,,,,,,,,,,,,,,,,,,,,,,,,,,,,,,,,,,,,,,,,,,,,,,,,,,,,,,,,,,,,,,,,,,,,,,,,,,,,,,,,,,,,,,,,,,,,,,,,,,,,,,,,,,,,,,,,,,,,,,,,,,,,,,,,,,,,,,,,,,,,,,,,,,,,,,,,,,,,,,,,,,,,,,,,,,,,,,,,,,,,,,,,,,,,,,,0.0,90578.128203561,0.0,90578.128347253,0.0,90578.128203561,0.0,90578.128461087,0.0,90578.128305731,0.0,90578.128210092,,,,,,,,,,,,,,,,,,,,,,,,,,,,,,,,,,,,,,,,,,,,,,,,,,,,,,,,,,,,,,,,,,,,,,,,,,,,,,,,,,,,,,,,,,,,,,,,,,,,,,,,,,,,,,,,,,,,,,,,,,,,,,,,,,,,,,,,,,,,,,,,,,,,,,,,,,,,,,,,,,,,,,,,,,,,,,,,,,,,,,,,,,,,,,,,,,,,,,,,,,,,,,,,,,,,,,,,,,,,,,,,,,,,,,,,,,,,,,,,,,,,,17.9375,30.146617129,543468.769731285,0.329,5.0,90578.4572885475
BST,1,6,14274047,200000,50i-50d,978711267,5.024240089,7137209,0,3519381,3617457,0,0,0,0,0,0,-1,-1,2841036,0.0,-1,-1,0,0,overlapRandom,unknown,putIfAbsent,50i-50d--1,,,0.5i-0.5d-200000,unnamed-BST-0.5i-0.5d-200000-6,unnamed,2376683,2374668,2383739,2398906,2399148,2340903,,,,,,,,,,,,,,,,,,,,,,,,,,,,,,,,,,,,,,,,,,,,,,,,,,,,,,,,,,,,,,,,,,,,,,,,,,,,,,,,,,,,,,,,,,,,,,,,,,,,,,,,,,,,,,,,,,,,,,,,,,,0.0,3.171875,0.0,3.203125,0.0,3.3125,0.0,3.3125,0.0,3.328125,0.0,3.125,,,,,,,,,,,,,,,,,,,,,,,,,,,,,,,,,,,,,,,,,,,,,,,,,,,,,,,,,,,,,,,,,,,,,,,,,,,,,,,,,,,,,,,,,,,,,,,,,,,,,,,,,,,,,,,,,,,,,,,,,,,,,,,,,,,,,,,,,,,,,,,,,,,,,,,,,,,,,,,,,,,,,,,,,,,,,,,,,,,,,,,,,,,,,,,,,,,,,,,,,,,,,,,,,,,,,,,,,,,,,,,,,,,,,,,,,,,,,,,,,,,,,6.5781E-5,5.023768891,2.2393E-5,5.023769357,3.732E-6,5.023803881,1.2596E-5,5.023769824,0.033466699,5.023984895,0.0,5.023840737,,,,,,,,,,,,,,,,,,,,,,,,,,,,,,,,,,,,,,,,,,,,,,,,,,,,,,,,,,,,,,,,,,,,,,,,,,,,,,,,,,,,,,,,,,,,,,,,,,,,,,,,,,,,,,,,,,,,,,,,,,,,,,,,,,,,,,,,,,,,,,,,,,,,,,,,,,,,,,,,,,,,,,,,,,,,,,,,,,,,,,,,,,,,,,,,,,,,,,,,,,,,,,,,,,,,,,,,,,,,,,,,,,,,,,,,,,,,,,,,,,,,,0.0,90583.21778524,0.0,90583.217785706,0.0,90583.21782023,0.0,90583.217786173,0.0,90583.218001244,0.0,90583.217857086,,,,,,,,,,,,,,,,,,,,,,,,,,,,,,,,,,,,,,,,,,,,,,,,,,,,,,,,,,,,,,,,,,,,,,,,,,,,,,,,,,,,,,,,,,,,,,,,,,,,,,,,,,,,,,,,,,,,,,,,,,,,,,,,,,,,,,,,,,,,,,,,,,,,,,,,,,,,,,,,,,,,,,,,,,,,,,,,,,,,,,,,,,,,,,,,,,,,,,,,,,,,,,,,,,,,,,,,,,,,,,,,,,,,,,,,,,,,,,,,,,,,,19.453125,30.109366384,543499.307035679,0.039,5.0,90583.25683927984
BST,2,6,13894952,200000,50i-50d,52564000,5.027622915,6947316,0,3422963,3524673,0,0,0,0,0,0,-1,-1,2763721,0.0,-1,-1,0,0,overlapRandom,unknown,putIfAbsent,50i-50d--1,,,0.5i-0.5d-200000,unnamed-BST-0.5i-0.5d-200000-6,unnamed,2331200,2321677,2307871,2319603,2285423,2329178,,,,,,,,,,,,,,,,,,,,,,,,,,,,,,,,,,,,,,,,,,,,,,,,,,,,,,,,,,,,,,,,,,,,,,,,,,,,,,,,,,,,,,,,,,,,,,,,,,,,,,,,,,,,,,,,,,,,,,,,,,,0.0,3.3125,0.0,3.25,0.0,3.234375,0.0,3.328125,0.0,3.234375,0.0,3.234375,,,,,,,,,,,,,,,,,,,,,,,,,,,,,,,,,,,,,,,,,,,,,,,,,,,,,,,,,,,,,,,,,,,,,,,,,,,,,,,,,,,,,,,,,,,,,,,,,,,,,,,,,,,,,,,,,,,,,,,,,,,,,,,,,,,,,,,,,,,,,,,,,,,,,,,,,,,,,,,,,,,,,,,,,,,,,,,,,,,,,,,,,,,,,,,,,,,,,,,,,,,,,,,,,,,,,,,,,,,,,,,,,,,,,,,,,,,,,,,,,,,,,3.266E-6,5.027172245,3.0791E-5,5.027171778,3.266E-6,5.027591191,5.598E-6,5.027509547,0.032644669,5.027315003,0.0,5.027171311,,,,,,,,,,,,,,,,,,,,,,,,,,,,,,,,,,,,,,,,,,,,,,,,,,,,,,,,,,,,,,,,,,,,,,,,,,,,,,,,,,,,,,,,,,,,,,,,,,,,,,,,,,,,,,,,,,,,,,,,,,,,,,,,,,,,,,,,,,,,,,,,,,,,,,,,,,,,,,,,,,,,,,,,,,,,,,,,,,,,,,,,,,,,,,,,,,,,,,,,,,,,,,,,,,,,,,,,,,,,,,,,,,,,,,,,,,,,,,,,,,,,,0.015625,90588.28028005,0.0,90588.280279583,0.0,90588.280698996,0.0,90588.280617352,0.0,90588.280422808,0.0,90588.280279116,,,,,,,,,,,,,,,,,,,,,,,,,,,,,,,,,,,,,,,,,,,,,,,,,,,,,,,,,,,,,,,,,,,,,,,,,,,,,,,,,,,,,,,,,,,,,,,,,,,,,,,,,,,,,,,,,,,,,,,,,,,,,,,,,,,,,,,,,,,,,,,,,,,,,,,,,,,,,,,,,,,,,,,,,,,,,,,,,,,,,,,,,,,,,,,,,,,,,,,,,,,,,,,,,,,,,,,,,,,,,,,,,,,,,,,,,,,,,,,,,,,,,19.59375,30.131243485,543529.666952905,0.019,5.0,90588.29682548417
BST,3,6,13894114,200000,50i-50d,2047512697,5.024588122,6945927,0,3424643,3523544,0,0,0,0,0,0,-1,-1,2765224,0.0,-1,-1,0,0,overlapRandom,unknown,putIfAbsent,50i-50d--1,,,0.5i-0.5d-200000,unnamed-BST-0.5i-0.5d-200000-6,unnamed,2318028,2310338,2352436,2284368,2304898,2324046,,,,,,,,,,,,,,,,,,,,,,,,,,,,,,,,,,,,,,,,,,,,,,,,,,,,,,,,,,,,,,,,,,,,,,,,,,,,,,,,,,,,,,,,,,,,,,,,,,,,,,,,,,,,,,,,,,,,,,,,,,,0.0,3.3125,0.0,3.28125,0.0,3.296875,0.0,3.296875,0.0,3.234375,0.0,3.265625,,,,,,,,,,,,,,,,,,,,,,,,,,,,,,,,,,,,,,,,,,,,,,,,,,,,,,,,,,,,,,,,,,,,,,,,,,,,,,,,,,,,,,,,,,,,,,,,,,,,,,,,,,,,,,,,,,,,,,,,,,,,,,,,,,,,,,,,,,,,,,,,,,,,,,,,,,,,,,,,,,,,,,,,,,,,,,,,,,,,,,,,,,,,,,,,,,,,,,,,,,,,,,,,,,,,,,,,,,,,,,,,,,,,,,,,,,,,,,,,,,,,,0.013932989,5.024026884,7.465E-6,5.024267614,9.331E-6,5.024268547,0.031498866,5.024026884,0.031517527,5.024026417,0.0,5.024380982,,,,,,,,,,,,,,,,,,,,,,,,,,,,,,,,,,,,,,,,,,,,,,,,,,,,,,,,,,,,,,,,,,,,,,,,,,,,,,,,,,,,,,,,,,,,,,,,,,,,,,,,,,,,,,,,,,,,,,,,,,,,,,,,,,,,,,,,,,,,,,,,,,,,,,,,,,,,,,,,,,,,,,,,,,,,,,,,,,,,,,,,,,,,,,,,,,,,,,,,,,,,,,,,,,,,,,,,,,,,,,,,,,,,,,,,,,,,,,,,,,,,,0.0,90593.338900775,0.0,90593.339141505,0.0,90593.339142438,0.0,90593.338900775,0.0,90593.338900308,0.0,90593.339254873,,,,,,,,,,,,,,,,,,,,,,,,,,,,,,,,,,,,,,,,,,,,,,,,,,,,,,,,,,,,,,,,,,,,,,,,,,,,,,,,,,,,,,,,,,,,,,,,,,,,,,,,,,,,,,,,,,,,,,,,,,,,,,,,,,,,,,,,,,,,,,,,,,,,,,,,,,,,,,,,,,,,,,,,,,,,,,,,,,,,,,,,,,,,,,,,,,,,,,,,,,,,,,,,,,,,,,,,,,,,,,,,,,,,,,,,,,,,,,,,,,,,,19.6875,30.06803115,543560.034240674,0.019,5.0,90593.35804011233
BST,4,6,13892290,200000,50i-50d,-492531833,5.024319866,6944381,0,3423573,3524336,0,0,0,0,0,0,-1,-1,2765009,0.0,-1,-1,0,0,overlapRandom,unknown,putIfAbsent,50i-50d--1,,,0.5i-0.5d-200000,unnamed-BST-0.5i-0.5d-200000-6,unnamed,2336023,2333497,2295956,2317718,2321301,2287795,,,,,,,,,,,,,,,,,,,,,,,,,,,,,,,,,,,,,,,,,,,,,,,,,,,,,,,,,,,,,,,,,,,,,,,,,,,,,,,,,,,,,,,,,,,,,,,,,,,,,,,,,,,,,,,,,,,,,,,,,,,0.0,3.265625,0.0,3.3125,0.0,3.1875,0.0,3.296875,0.0,3.3125,0.0,3.296875,,,,,,,,,,,,,,,,,,,,,,,,,,,,,,,,,,,,,,,,,,,,,,,,,,,,,,,,,,,,,,,,,,,,,,,,,,,,,,,,,,,,,,,,,,,,,,,,,,,,,,,,,,,,,,,,,,,,,,,,,,,,,,,,,,,,,,,,,,,,,,,,,,,,,,,,,,,,,,,,,,,,,,,,,,,,,,,,,,,,,,,,,,,,,,,,,,,,,,,,,,,,,,,,,,,,,,,,,,,,,,,,,,,,,,,,,,,,,,,,,,,,,1.6282E-4,5.023840271,8.864E-6,5.023840271,2.7992E-5,5.024140718,0.0,5.023840737,2.45396E-4,5.024227026,0.031373835,5.024140251,,,,,,,,,,,,,,,,,,,,,,,,,,,,,,,,,,,,,,,,,,,,,,,,,,,,,,,,,,,,,,,,,,,,,,,,,,,,,,,,,,,,,,,,,,,,,,,,,,,,,,,,,,,,,,,,,,,,,,,,,,,,,,,,,,,,,,,,,,,,,,,,,,,,,,,,,,,,,,,,,,,,,,,,,,,,,,,,,,,,,,,,,,,,,,,,,,,,,,,,,,,,,,,,,,,,,,,,,,,,,,,,,,,,,,,,,,,,,,,,,,,,,0.0,90598.396470869,0.0,90598.396470869,0.0,90598.396771316,0.0,90598.396471335,0.0,90598.396857624,0.0,90598.396770849,,,,,,,,,,,,,,,,,,,,,,,,,,,,,,,,,,,,,,,,,,,,,,,,,,,,,,,,,,,,,,,,,,,,,,,,,,,,,,,,,,,,,,,,,,,,,,,,,,,,,,,,,,,,,,,,,,,,,,,,,,,,,,,,,,,,,,,,,,,,,,,,,,,,,,,,,,,,,,,,,,,,,,,,,,,,,,,,,,,,,,,,,,,,,,,,,,,,,,,,,,,,,,,,,,,,,,,,,,,,,,,,,,,,,,,,,,,,,,,,,,,,,19.671875,30.112210367,543590.379812862,0.017,5.0,90598.41363547702
BST,5,6,13899640,200000,50i-50d,-1926887816,5.018697217,6950426,0,3425548,3523666,0,0,0,0,0,0,-1,-1,2769571,0.0,-1,-1,0,0,overlapRandom,unknown,putIfAbsent,50i-50d--1,,,0.5i-0.5d-200000,unnamed-BST-0.5i-0.5d-200000-6,unnamed,2333440,2348747,2301828,2308928,2305497,2301200,,,,,,,,,,,,,,,,,,,,,,,,,,,,,,,,,,,,,,,,,,,,,,,,,,,,,,,,,,,,,,,,,,,,,,,,,,,,,,,,,,,,,,,,,,,,,,,,,,,,,,,,,,,,,,,,,,,,,,,,,,,0.0,3.390625,0.0,3.34375,0.0,3.171875,0.0,3.234375,0.0,3.171875,0.0,3.25,,,,,,,,,,,,,,,,,,,,,,,,,,,,,,,,,,,,,,,,,,,,,,,,,,,,,,,,,,,,,,,,,,,,,,,,,,,,,,,,,,,,,,,,,,,,,,,,,,,,,,,,,,,,,,,,,,,,,,,,,,,,,,,,,,,,,,,,,,,,,,,,,,,,,,,,,,,,,,,,,,,,,,,,,,,,,,,,,,,,,,,,,,,,,,,,,,,,,,,,,,,,,,,,,,,,,,,,,,,,,,,,,,,,,,,,,,,,,,,,,,,,,3.6856E-5,5.018295067,1.6795E-5,5.018296933,2.0061E-5,5.018267075,0.031990591,5.018232552,0.0,5.018232085,0.03199619,5.018232085,,,,,,,,,,,,,,,,,,,,,,,,,,,,,,,,,,,,,,,,,,,,,,,,,,,,,,,,,,,,,,,,,,,,,,,,,,,,,,,,,,,,,,,,,,,,,,,,,,,,,,,,,,,,,,,,,,,,,,,,,,,,,,,,,,,,,,,,,,,,,,,,,,,,,,,,,,,,,,,,,,,,,,,,,,,,,,,,,,,,,,,,,,,,,,,,,,,,,,,,,,,,,,,,,,,,,,,,,,,,,,,,,,,,,,,,,,,,,,,,,,,,,0.0,90603.448903975,0.0,90603.448905841,0.0,90603.448875983,0.0,90603.44884146,0.0,90603.448840993,0.0,90603.448840993,,,,,,,,,,,,,,,,,,,,,,,,,,,,,,,,,,,,,,,,,,,,,,,,,,,,,,,,,,,,,,,,,,,,,,,,,,,,,,,,,,,,,,,,,,,,,,,,,,,,,,,,,,,,,,,,,,,,,,,,,,,,,,,,,,,,,,,,,,,,,,,,,,,,,,,,,,,,,,,,,,,,,,,,,,,,,,,,,,,,,,,,,,,,,,,,,,,,,,,,,,,,,,,,,,,,,,,,,,,,,,,,,,,,,,,,,,,,,,,,,,,,,19.5625,30.045495304,543620.693209245,0.018,5.0,90603.4668682075
BST,6,6,13891662,200000,50i-50d,749929950,5.028280726,6944054,0,3422407,3525201,0,0,0,0,0,0,-1,-1,2762706,0.0,-1,-1,0,0,overlapRandom,unknown,putIfAbsent,50i-50d--1,,,0.5i-0.5d-200000,unnamed-BST-0.5i-0.5d-200000-6,unnamed,2330101,2325494,2334475,2294618,2322885,2284089,,,,,,,,,,,,,,,,,,,,,,,,,,,,,,,,,,,,,,,,,,,,,,,,,,,,,,,,,,,,,,,,,,,,,,,,,,,,,,,,,,,,,,,,,,,,,,,,,,,,,,,,,,,,,,,,,,,,,,,,,,,0.0,3.390625,0.0,3.3125,0.0,3.34375,0.0,3.25,0.0,3.25,0.0,3.15625,,,,,,,,,,,,,,,,,,,,,,,,,,,,,,,,,,,,,,,,,,,,,,,,,,,,,,,,,,,,,,,,,,,,,,,,,,,,,,,,,,,,,,,,,,,,,,,,,,,,,,,,,,,,,,,,,,,,,,,,,,,,,,,,,,,,,,,,,,,,,,,,,,,,,,,,,,,,,,,,,,,,,,,,,,,,,,,,,,,,,,,,,,,,,,,,,,,,,,,,,,,,,,,,,,,,,,,,,,,,,,,,,,,,,,,,,,,,,,,,,,,,,3.732E-6,5.027788534,1.213E-5,5.027834721,2.2393E-5,5.02782679,0.031524059,5.027863179,0.0,5.027788067,0.031538988,5.027788534,,,,,,,,,,,,,,,,,,,,,,,,,,,,,,,,,,,,,,,,,,,,,,,,,,,,,,,,,,,,,,,,,,,,,,,,,,,,,,,,,,,,,,,,,,,,,,,,,,,,,,,,,,,,,,,,,,,,,,,,,,,,,,,,,,,,,,,,,,,,,,,,,,,,,,,,,,,,,,,,,,,,,,,,,,,,,,,,,,,,,,,,,,,,,,,,,,,,,,,,,,,,,,,,,,,,,,,,,,,,,,,,,,,,,,,,,,,,,,,,,,,,,0.0,90608.511413714,0.0,90608.511459901,0.0,90608.51145197,0.0,90608.511488359,0.0,90608.511413247,0.0,90608.511413714,,,,,,,,,,,,,,,,,,,,,,,,,,,,,,,,,,,,,,,,,,,,,,,,,,,,,,,,,,,,,,,,,,,,,,,,,,,,,,,,,,,,,,,,,,,,,,,,,,,,,,,,,,,,,,,,,,,,,,,,,,,,,,,,,,,,,,,,,,,,,,,,,,,,,,,,,,,,,,,,,,,,,,,,,,,,,,,,,,,,,,,,,,,,,,,,,,,,,,,,,,,,,,,,,,,,,,,,,,,,,,,,,,,,,,,,,,,,,,,,,,,,,19.703125,30.103788523,543651.068640905,0.019,5.0,90608.53044015083
BST,7,6,13827226,200000,50i-50d,1237469446,5.021496879,6911813,0,3405196,3510217,0,0,0,0,0,0,-1,-1,2753606,0.0,-1,-1,0,0,overlapRandom,unknown,putIfAbsent,50i-50d--1,,,0.5i-0.5d-200000,unnamed-BST-0.5i-0.5d-200000-6,unnamed,2323266,2305657,2308970,2293965,2301225,2294143,,,,,,,,,,,,,,,,,,,,,,,,,,,,,,,,,,,,,,,,,,,,,,,,,,,,,,,,,,,,,,,,,,,,,,,,,,,,,,,,,,,,,,,,,,,,,,,,,,,,,,,,,,,,,,,,,,,,,,,,,,,0.0,3.28125,0.0,3.28125,0.0,3.21875,0.0,3.28125,0.0,3.359375,0.0,3.21875,,,,,,,,,,,,,,,,,,,,,,,,,,,,,,,,,,,,,,,,,,,,,,,,,,,,,,,,,,,,,,,,,,,,,,,,,,,,,,,,,,,,,,,,,,,,,,,,,,,,,,,,,,,,,,,,,,,,,,,,,,,,,,,,,,,,,,,,,,,,,,,,,,,,,,,,,,,,,,,,,,,,,,,,,,,,,,,,,,,,,,,,,,,,,,,,,,,,,,,,,,,,,,,,,,,,,,,,,,,,,,,,,,,,,,,,,,,,,,,,,,,,,3.8722E-5,5.021049474,0.0,5.021352253,5.132E-6,5.021102658,3.0791E-5,5.021111056,0.032039577,5.021049007,0.032011118,5.021049007,,,,,,,,,,,,,,,,,,,,,,,,,,,,,,,,,,,,,,,,,,,,,,,,,,,,,,,,,,,,,,,,,,,,,,,,,,,,,,,,,,,,,,,,,,,,,,,,,,,,,,,,,,,,,,,,,,,,,,,,,,,,,,,,,,,,,,,,,,,,,,,,,,,,,,,,,,,,,,,,,,,,,,,,,,,,,,,,,,,,,,,,,,,,,,,,,,,,,,,,,,,,,,,,,,,,,,,,,,,,,,,,,,,,,,,,,,,,,,,,,,,,,0.0,90613.566786441,0.0,90613.56708922,0.0,90613.566839625,0.0,90613.566848023,0.0,90613.566785974,0.0,90613.566785974,,,,,,,,,,,,,,,,,,,,,,,,,,,,,,,,,,,,,,,,,,,,,,,,,,,,,,,,,,,,,,,,,,,,,,,,,,,,,,,,,,,,,,,,,,,,,,,,,,,,,,,,,,,,,,,,,,,,,,,,,,,,,,,,,,,,,,,,,,,,,,,,,,,,,,,,,,,,,,,,,,,,,,,,,,,,,,,,,,,,,,,,,,,,,,,,,,,,,,,,,,,,,,,,,,,,,,,,,,,,,,,,,,,,,,,,,,,,,,,,,,,,,19.640625,30.062588115,543681.401135257,0.018,5.0,90613.58485587616
BST,8,6,13563843,200000,50i-50d,-770377277,5.021828116,6781123,0,3339485,3443235,0,0,0,0,0,0,-1,-1,2700977,0.0,-1,-1,0,0,overlapRandom,unknown,putIfAbsent,50i-50d--1,,,0.5i-0.5d-200000,unnamed-BST-0.5i-0.5d-200000-6,unnamed,2272449,2268273,2266648,2236758,2261619,2258096,,,,,,,,,,,,,,,,,,,,,,,,,,,,,,,,,,,,,,,,,,,,,,,,,,,,,,,,,,,,,,,,,,,,,,,,,,,,,,,,,,,,,,,,,,,,,,,,,,,,,,,,,,,,,,,,,,,,,,,,,,,0.0,3.21875,0.0,3.1875,0.0,3.171875,0.0,3.265625,0.0,3.203125,0.0,3.203125,,,,,,,,,,,,,,,,,,,,,,,,,,,,,,,,,,,,,,,,,,,,,,,,,,,,,,,,,,,,,,,,,,,,,,,,,,,,,,,,,,,,,,,,,,,,,,,,,,,,,,,,,,,,,,,,,,,,,,,,,,,,,,,,,,,,,,,,,,,,,,,,,,,,,,,,,,,,,,,,,,,,,,,,,,,,,,,,,,,,,,,,,,,,,,,,,,,,,,,,,,,,,,,,,,,,,,,,,,,,,,,,,,,,,,,,,,,,,,,,,,,,,0.032903128,5.021387243,1.9128E-5,5.021630773,1.213E-5,5.021388176,0.031915479,5.021446026,0.001545622,5.02140917,0.0,5.021389109,,,,,,,,,,,,,,,,,,,,,,,,,,,,,,,,,,,,,,,,,,,,,,,,,,,,,,,,,,,,,,,,,,,,,,,,,,,,,,,,,,,,,,,,,,,,,,,,,,,,,,,,,,,,,,,,,,,,,,,,,,,,,,,,,,,,,,,,,,,,,,,,,,,,,,,,,,,,,,,,,,,,,,,,,,,,,,,,,,,,,,,,,,,,,,,,,,,,,,,,,,,,,,,,,,,,,,,,,,,,,,,,,,,,,,,,,,,,,,,,,,,,,0.0,90618.621868984,0.0,90618.622112514,0.0,90618.621869917,0.0,90618.621927767,0.0,90618.621890911,0.0,90618.62187085,,,,,,,,,,,,,,,,,,,,,,,,,,,,,,,,,,,,,,,,,,,,,,,,,,,,,,,,,,,,,,,,,,,,,,,,,,,,,,,,,,,,,,,,,,,,,,,,,,,,,,,,,,,,,,,,,,,,,,,,,,,,,,,,,,,,,,,,,,,,,,,,,,,,,,,,,,,,,,,,,,,,,,,,,,,,,,,,,,,,,,,,,,,,,,,,,,,,,,,,,,,,,,,,,,,,,,,,,,,,,,,,,,,,,,,,,,,,,,,,,,,,,19.25,30.06225501,543711.731540943,0.017,5.0,90618.63892349051
BST,9,6,13955711,200000,50i-50d,1874168248,5.026723441,6981052,0,3438773,3535886,0,0,0,0,0,0,-1,-1,2776303,44.842748030471384,-1,-1,99897,0,overlapRandom,unknown,putIfAbsent,50i-50d--1,,,0.5i-0.5d-200000,unnamed-BST-0.5i-0.5d-200000-6,unnamed,2320787,2347859,2338017,2316087,2299822,2333139,,,,,,,,,,,,,,,,,,,,,,,,,,,,,,,,,,,,,,,,,,,,,,,,,,,,,,,,,,,,,,,,,,,,,,,,,,,,,,,,,,,,,,,,,,,,,,,,,,,,,,,,,,,,,,,,,,,,,,,,,,,0.0,3.265625,0.0,3.328125,0.0,3.265625,0.0,3.21875,0.0,3.203125,0.0,3.34375,,,,,,,,,,,,,,,,,,,,,,,,,,,,,,,,,,,,,,,,,,,,,,,,,,,,,,,,,,,,,,,,,,,,,,,,,,,,,,,,,,,,,,,,,,,,,,,,,,,,,,,,,,,,,,,,,,,,,,,,,,,,,,,,,,,,,,,,,,,,,,,,,,,,,,,,,,,,,,,,,,,,,,,,,,,,,,,,,,,,,,,,,,,,,,,,,,,,,,,,,,,,,,,,,,,,,,,,,,,,,,,,,,,,,,,,,,,,,,,,,,,,,0.032089496,5.02646125,2.5193E-5,5.026258774,3.2191E-5,5.026457984,4.13814E-4,5.026257841,0.032079232,5.026280235,0.0,5.026373075,,,,,,,,,,,,,,,,,,,,,,,,,,,,,,,,,,,,,,,,,,,,,,,,,,,,,,,,,,,,,,,,,,,,,,,,,,,,,,,,,,,,,,,,,,,,,,,,,,,,,,,,,,,,,,,,,,,,,,,,,,,,,,,,,,,,,,,,,,,,,,,,,,,,,,,,,,,,,,,,,,,,,,,,,,,,,,,,,,,,,,,,,,,,,,,,,,,,,,,,,,,,,,,,,,,,,,,,,,,,,,,,,,,,,,,,,,,,,,,,,,,,,0.0,90623.684350265,0.0,90623.684147789,0.0,90623.684346999,0.0,90623.684146856,0.0,90623.68416925,0.0,90623.68426209,,,,,,,,,,,,,,,,,,,,,,,,,,,,,,,,,,,,,,,,,,,,,,,,,,,,,,,,,,,,,,,,,,,,,,,,,,,,,,,,,,,,,,,,,,,,,,,,,,,,,,,,,,,,,,,,,,,,,,,,,,,,,,,,,,,,,,,,,,,,,,,,,,,,,,,,,,,,,,,,,,,,,,,,,,,,,,,,,,,,,,,,,,,,,,,,,,,,,,,,,,,,,,,,,,,,,,,,,,,,,,,,,,,,,,,,,,,,,,,,,,,,,19.625,30.093449233,543742.105423249,0.017,5.0,90623.70123720817
